# Parameter Name     	 	 Median       	 	 Upper 68 CI  	 	 Lower 68 CI 
P_p1               	 	 4.7633922397 	 	 0.0000007170 	 	 0.0000007054
a_p1               	 	 13.2108978254 	 	 0.1065037327 	 	 0.1314255035
p_p1               	 	 0.1075667506 	 	 0.0005270737 	 	 0.0005597337
b_p1               	 	 0.2503502637 	 	 0.0333277487 	 	 0.0313068490
rho                	 	 1922.2793902772 	 	 46.8668953104 	 	 56.8012740194
q1_TESS5_TESS32    	 	 0.2837775193 	 	 0.0644667927 	 	 0.0530224842
q2_TESS5_TESS32    	 	 0.3455448577 	 	 0.0978376367 	 	 0.0954490627
GP_sigma_TESS5     	 	 0.0000128103 	 	 0.0000027250 	 	 0.0000018774
GP_timescale_TESS5 	 	 0.1427310955 	 	 0.0218506519 	 	 0.0159224907
GP_rho_TESS5       	 	 7.3799094601 	 	 1.7770012263 	 	 1.6164037392
mflux_TESS5        	 	 -0.0023486666 	 	 0.0005552654 	 	 0.0006911951
sigma_w_TESS5      	 	 18.5844503358 	 	 3.2683815120 	 	 2.9447966215
GP_sigma_TESS32    	 	 0.0000134440 	 	 0.0000050376 	 	 0.0000020001
GP_timescale_TESS32 	 	 0.0020542979 	 	 0.0003108590 	 	 0.0002839145
GP_rho_TESS32      	 	 68.9742794613 	 	 7.0496187718 	 	 7.6165558608
mflux_TESS32       	 	 0.0034894491 	 	 0.0014040240 	 	 0.0010987857
sigma_w_TESS32     	 	 44.1008319578 	 	 10.1216322862 	 	 7.6047327428
T_p1_TESS5_-159    	 	 2458441.1341796839 	 	 0.0006073024 	 	 0.0006829021
T_p1_TESS5_-158    	 	 2458445.8973688451 	 	 0.0006216238 	 	 0.0006093676
T_p1_TESS5_-156    	 	 2458455.4248701152 	 	 0.0005775942 	 	 0.0006015943
T_p1_TESS5_-155    	 	 2458460.1895159911 	 	 0.0007299748 	 	 0.0007922943
T_p1_TESS32_-5     	 	 2459174.6960209012 	 	 0.0005632746 	 	 0.0005235896
T_p1_TESS32_-4     	 	 2459179.4598055328 	 	 0.0005950280 	 	 0.0005768463
T_p1_TESS32_-3     	 	 2459184.2248494714 	 	 0.0006044428 	 	 0.0005925428
T_p1_TESS32_-2     	 	 2459188.9855590765 	 	 0.0006693117 	 	 0.0006098533
T_p1_TESS32_-1     	 	 2459193.7506121071 	 	 0.0006949226 	 	 0.0007660175
T_p1_TESS32_0      	 	 2459198.5127697177 	 	 0.0007445952 	 	 0.0007489915
q1_GROND-g-1_GROND-g-2 	 	 0.4891258405 	 	 0.0502254516 	 	 0.0467397023
q2_GROND-g-1_GROND-g-2 	 	 0.3691966536 	 	 0.0724083211 	 	 0.1241208883
mflux_GROND-g-1    	 	 0.1069940826 	 	 0.0319617170 	 	 0.0250953255
mflux_GROND-g-2    	 	 -0.0081377098 	 	 0.0112755998 	 	 0.0110893588
sigma_w_GROND-g-1  	 	 1007.9178642310 	 	 62.8549125477 	 	 71.5350173834
sigma_w_GROND-g-2  	 	 279.5799921214 	 	 56.1702687339 	 	 277.4973861558
GP_sigma_GROND-g-1 	 	 0.0020749549 	 	 0.0014285076 	 	 0.0008666573
GP_timescale_GROND-g-1 	 	 0.0466831764 	 	 0.0430617348 	 	 0.0223466611
GP_rho_GROND-g-1   	 	 0.3749702103 	 	 0.1289987691 	 	 0.0969664601
GP_sigma_GROND-g-2 	 	 0.0003818062 	 	 0.0004653827 	 	 0.0002043305
GP_timescale_GROND-g-2 	 	 0.0134628629 	 	 0.0187898613 	 	 0.0074629200
GP_rho_GROND-g-2   	 	 1.0881539699 	 	 0.6542198761 	 	 0.3975062743
q1_GROND-r-1_GROND-r-2 	 	 0.9056256461 	 	 0.0555429068 	 	 0.0685166713
q2_GROND-r-1_GROND-r-2 	 	 0.1704130563 	 	 0.0774549854 	 	 0.0730725294
mflux_GROND-r-1    	 	 0.0028449251 	 	 0.0071772461 	 	 0.0050002054
mflux_GROND-r-2    	 	 0.0139880580 	 	 0.0139715930 	 	 0.0151957896
sigma_w_GROND-r-1  	 	 2018.1885598907 	 	 137.6119422718 	 	 115.6394272807
sigma_w_GROND-r-2  	 	 196.1285629767 	 	 60.3862587456 	 	 82.8052246365
GP_sigma_GROND-r-1 	 	 0.0000437222 	 	 0.0000570794 	 	 0.0000232083
GP_timescale_GROND-r-1 	 	 1.0889190420 	 	 1.8631732270 	 	 0.6918446421
GP_rho_GROND-r-1   	 	 59.7299127307 	 	 23.5637661954 	 	 21.1253057926
GP_sigma_GROND-r-2 	 	 0.0016023388 	 	 0.0027704155 	 	 0.0011009714
GP_timescale_GROND-r-2 	 	 0.0207529217 	 	 0.0390830362 	 	 0.0131228059
GP_rho_GROND-r-2   	 	 0.5874015441 	 	 0.2716991542 	 	 0.1930402822
q1_GROND-i-1_GROND-i-2 	 	 0.4413644656 	 	 0.0803122212 	 	 0.0772549610
q2_GROND-i-1_GROND-i-2 	 	 0.1496717962 	 	 0.0688275620 	 	 0.0632154263
mflux_GROND-i-1    	 	 0.0336124358 	 	 0.0402150485 	 	 0.0586937127
mflux_GROND-i-2    	 	 -0.0086854792 	 	 0.0083129154 	 	 0.0097284508
sigma_w_GROND-i-1  	 	 928.9742970783 	 	 56.0033996500 	 	 56.9051361081
sigma_w_GROND-i-2  	 	 447.2049959595 	 	 33.2256767116 	 	 33.5371838984
GP_sigma_GROND-i-1 	 	 0.0407179589 	 	 0.0256643937 	 	 0.0176703957
GP_timescale_GROND-i-1 	 	 0.0015677654 	 	 0.0009782361 	 	 0.0004097030
GP_rho_GROND-i-1   	 	 2.6578275363 	 	 1.1268514638 	 	 0.7784392107
GP_sigma_GROND-i-2 	 	 0.0002040745 	 	 0.0004916644 	 	 0.0001452242
GP_timescale_GROND-i-2 	 	 0.0313280996 	 	 0.0814942682 	 	 0.0222476953
GP_rho_GROND-i-2   	 	 1.6294620542 	 	 1.3215710720 	 	 0.7178464320
q1_GROND-z-1_GROND-z-2 	 	 0.1901145318 	 	 0.0371605814 	 	 0.0344906103
q2_GROND-z-1_GROND-z-2 	 	 0.8924549475 	 	 0.0636567104 	 	 0.0719222682
mflux_GROND-z-1    	 	 -0.0034264893 	 	 0.0078481996 	 	 0.0081802463
mflux_GROND-z-2    	 	 -0.0499730025 	 	 0.0343024494 	 	 0.0243866424
sigma_w_GROND-z-1  	 	 1051.1186492836 	 	 45.5392536028 	 	 46.9826629414
sigma_w_GROND-z-2  	 	 428.7339542326 	 	 40.1891130849 	 	 39.3964683513
GP_sigma_GROND-z-1 	 	 0.0002231000 	 	 0.0003885819 	 	 0.0001425963
GP_timescale_GROND-z-1 	 	 0.1858152853 	 	 0.3357914584 	 	 0.1162424140
GP_rho_GROND-z-1   	 	 3.7189905612 	 	 4.2436550770 	 	 2.1278303195
GP_sigma_GROND-z-2 	 	 0.0038592706 	 	 0.0042250130 	 	 0.0024852241
GP_timescale_GROND-z-2 	 	 0.0032856814 	 	 0.0058233855 	 	 0.0017107539
GP_rho_GROND-z-2   	 	 1.1013149320 	 	 0.5371218252 	 	 0.4077514988
T_p1_GROND-g-1_-627 	 	 2456212.0052460544 	 	 0.0460228520 	 	 0.0349057512
T_p1_GROND-r-1_-627 	 	 2456211.8712665383 	 	 0.0025042938 	 	 0.0027916925
T_p1_GROND-i-1_-627 	 	 2456211.8664209880 	 	 0.0006054509 	 	 0.0006221300
T_p1_GROND-z-1_-627 	 	 2456211.8663483611 	 	 0.0005786275 	 	 0.0005695084
T_p1_GROND-g-2_-614 	 	 2456273.7913248739 	 	 0.0002067881 	 	 0.0002068095
T_p1_GROND-r-2_-614 	 	 2456273.7905427814 	 	 0.0003313427 	 	 0.0003205943
T_p1_GROND-i-2_-614 	 	 2456273.7905944847 	 	 0.0002344567 	 	 0.0002401955
T_p1_GROND-z-2_-614 	 	 2456273.7907264265 	 	 0.0002613440 	 	 0.0002633822
t0_p1              	 	 2459198.5136332442 	 	 0.0002321289 	 	 0.0002300958
