# Parameter Name     	 	 Median       	 	 Upper 68 CI  	 	 Lower 68 CI 
P_p1               	 	 4.7633914633 	 	 0.0000004666 	 	 0.0000004349
a_p1               	 	 13.3812715698 	 	 0.0986547321 	 	 0.1319171359
t0_p1              	 	 2459198.5129951648 	 	 0.0002653622 	 	 0.0002509798
p_p1               	 	 0.1062051513 	 	 0.0005453721 	 	 0.0005144216
b_p1               	 	 0.1432303770 	 	 0.0617500825 	 	 0.0632444186
K_p1               	 	 30.3676975232 	 	 1.0898130709 	 	 1.1138050424
rho                	 	 1997.6150786517 	 	 44.5090702014 	 	 58.4987036401
q1_TESS5_TESS32    	 	 0.4667819003 	 	 0.1177460693 	 	 0.1108169918
q2_TESS5_TESS32    	 	 0.2438202867 	 	 0.1206207632 	 	 0.1001049041
GP_sigma_TESS5     	 	 0.0000173219 	 	 0.0000126894 	 	 0.0000052594
GP_timescale_TESS5 	 	 0.0113457562 	 	 0.0163662414 	 	 0.0073857958
GP_rho_TESS5       	 	 19.7909331038 	 	 10.5841867267 	 	 7.9667526697
mflux_TESS5        	 	 -0.0006603940 	 	 0.0013444563 	 	 0.0014125515
sigma_w_TESS5      	 	 16.6402854907 	 	 12.1827523622 	 	 9.2984265251
GP_sigma_TESS32    	 	 0.0000126181 	 	 0.0000024339 	 	 0.0000016804
GP_timescale_TESS32 	 	 0.0021250821 	 	 0.0006705836 	 	 0.0005765275
GP_rho_TESS32      	 	 62.4840587006 	 	 15.0708243209 	 	 13.9153309319
mflux_TESS32       	 	 -0.0014643381 	 	 0.0018882806 	 	 0.0018769608
sigma_w_TESS32     	 	 18.6524123970 	 	 18.9021778906 	 	 11.9131996412
q1_HS-r            	 	 0.1445179406 	 	 0.1332884966 	 	 0.0913598582
q2_HS-r            	 	 0.2487767792 	 	 0.2271973230 	 	 0.1595161825
mflux_HS-r         	 	 -0.0002875661 	 	 0.0000605253 	 	 0.0000619337
sigma_w_HS-r       	 	 5363.1944225724 	 	 49.4797973065 	 	 50.8006078710
q1_GROND-g-1_GROND-g-2 	 	 0.7908694134 	 	 0.1019159390 	 	 0.1049736004
q2_GROND-g-1_GROND-g-2 	 	 0.3231511153 	 	 0.0686986777 	 	 0.0627649274
mflux_GROND-g-1    	 	 -0.0018089354 	 	 0.0066658048 	 	 0.0091537739
mflux_GROND-g-2    	 	 -0.0149380860 	 	 0.0129029948 	 	 0.0186003054
sigma_w_GROND-g-1  	 	 1078.1211107238 	 	 61.4159529235 	 	 57.2691196982
sigma_w_GROND-g-2  	 	 322.4481222742 	 	 40.1654204227 	 	 39.7349189744
GP_sigma_GROND-g-1 	 	 0.0000694328 	 	 0.0002660007 	 	 0.0000485370
GP_timescale_GROND-g-1 	 	 0.0131229328 	 	 0.0521852177 	 	 0.0101609291
GP_rho_GROND-g-1   	 	 17.0175255770 	 	 32.8155250260 	 	 12.0105399962
GP_sigma_GROND-g-2 	 	 0.0002480248 	 	 0.0008375814 	 	 0.0002080757
GP_timescale_GROND-g-2 	 	 0.0138850987 	 	 0.0954189186 	 	 0.0113722954
GP_rho_GROND-g-2   	 	 6.4757454782 	 	 17.3708274239 	 	 4.6352408745
q1_GROND-r-1_GROND-r-2 	 	 0.6377915963 	 	 0.1120551908 	 	 0.1074067174
q2_GROND-r-1_GROND-r-2 	 	 0.1830576595 	 	 0.0683711526 	 	 0.0612367325
mflux_GROND-r-1    	 	 -0.0020431484 	 	 0.0059454029 	 	 0.0074899435
mflux_GROND-r-2    	 	 -0.0046094882 	 	 0.0071427186 	 	 0.0093166035
sigma_w_GROND-r-1  	 	 2014.6470295075 	 	 149.9154085442 	 	 143.5055483761
sigma_w_GROND-r-2  	 	 327.3980577971 	 	 26.1667415715 	 	 24.8949800426
GP_sigma_GROND-r-1 	 	 0.0000528317 	 	 0.0002027996 	 	 0.0000349521
GP_timescale_GROND-r-1 	 	 0.1826029581 	 	 1.0628758093 	 	 0.1639319141
GP_rho_GROND-r-1   	 	 5.4781278626 	 	 24.3452141112 	 	 4.5055421745
GP_sigma_GROND-r-2 	 	 0.0001109952 	 	 0.0002613315 	 	 0.0000800205
GP_timescale_GROND-r-2 	 	 0.0077854611 	 	 0.0227697426 	 	 0.0055207453
GP_rho_GROND-r-2   	 	 13.5287864110 	 	 25.3695281094 	 	 8.8554015292
q1_GROND-i-1_GROND-i-2 	 	 0.5333179259 	 	 0.1067554957 	 	 0.1008966685
q2_GROND-i-1_GROND-i-2 	 	 0.2034509357 	 	 0.0770542641 	 	 0.0650603375
mflux_GROND-i-1    	 	 -0.0001095963 	 	 0.0052706122 	 	 0.0048645733
mflux_GROND-i-2    	 	 -0.0054288485 	 	 0.0043526591 	 	 0.0060953463
sigma_w_GROND-i-1  	 	 1028.6497883260 	 	 56.5527936199 	 	 53.0303149411
sigma_w_GROND-i-2  	 	 485.4708220346 	 	 32.2198241892 	 	 31.1515433084
GP_sigma_GROND-i-1 	 	 0.0000372202 	 	 0.0000713139 	 	 0.0000208520
GP_timescale_GROND-i-1 	 	 0.0052403501 	 	 0.0137324147 	 	 0.0033628511
GP_rho_GROND-i-1   	 	 11.4049816502 	 	 26.7844921292 	 	 8.1406374708
GP_sigma_GROND-i-2 	 	 0.0000258128 	 	 0.0000357345 	 	 0.0000118005
GP_timescale_GROND-i-2 	 	 0.0023186363 	 	 0.0029818847 	 	 0.0009744625
GP_rho_GROND-i-2   	 	 20.7773593650 	 	 32.8575599413 	 	 13.9018292190
q1_GROND-z-1_GROND-z-2 	 	 0.3591177024 	 	 0.0815797755 	 	 0.0738742149
q2_GROND-z-1_GROND-z-2 	 	 0.3160966610 	 	 0.1007540199 	 	 0.0892894280
mflux_GROND-z-1    	 	 0.0000121592 	 	 0.0058159280 	 	 0.0052515208
mflux_GROND-z-2    	 	 -0.0018311641 	 	 0.0049922793 	 	 0.0056189014
sigma_w_GROND-z-1  	 	 1070.7605182087 	 	 55.7062282128 	 	 52.9561585801
sigma_w_GROND-z-2  	 	 518.6607535379 	 	 36.3210064499 	 	 34.1080714276
GP_sigma_GROND-z-1 	 	 0.0000350823 	 	 0.0000796711 	 	 0.0000194736
GP_timescale_GROND-z-1 	 	 0.0046932036 	 	 0.0124521802 	 	 0.0029227109
GP_rho_GROND-z-1   	 	 6.0624917441 	 	 14.0533172809 	 	 4.0909754761
GP_sigma_GROND-z-2 	 	 0.0000409254 	 	 0.0000783296 	 	 0.0000237405
GP_timescale_GROND-z-2 	 	 0.0114357831 	 	 0.0276260344 	 	 0.0081973884
GP_rho_GROND-z-2   	 	 16.5438644776 	 	 29.7502213337 	 	 11.3053630098
mu_Subaru          	 	 0.4923894799 	 	 1.7309966261 	 	 1.7621869459
mu_PFS             	 	 -0.1232425791 	 	 0.8147451093 	 	 0.7931095058
sigma_w_Subaru     	 	 0.8027255137 	 	 1.5171795290 	 	 0.5436536325
sigma_w_PFS        	 	 1.1387248230 	 	 1.5340957759 	 	 0.8659787245
