# Parameter Name     	 	 Median       	 	 Upper 68 CI  	 	 Lower 68 CI 
P_p1               	 	 4.7633915229 	 	 0.0000004595 	 	 0.0000004583
a_p1               	 	 13.4506560137 	 	 0.1084803533 	 	 0.1251842408
t0_p1              	 	 2459198.5130322846 	 	 0.0002662032 	 	 0.0002654735
p_p1               	 	 0.1066187596 	 	 0.0006258727 	 	 0.0005904377
b_p1               	 	 0.1752468949 	 	 0.0691412266 	 	 0.0740358112
K_p1               	 	 29.7038440655 	 	 1.1434121408 	 	 1.1788164147
sesinomega_p1      	 	 -0.0801239707 	 	 0.0626936181 	 	 0.0529533025
secosomega_p1      	 	 0.0266217397 	 	 0.0745167884 	 	 0.0827147912
ecc_p1             	 	 0.0136203033 	 	 0.0118720147 	 	 0.0092649964
omega_p1           	 	 40.2815464477 	 	 118.6539198496 	 	 33.0499666966
rho                	 	 2028.8508538426 	 	 49.4849784534 	 	 56.1220073137
q1_TESS5_TESS32    	 	 0.4517819294 	 	 0.1059235664 	 	 0.0962588247
q2_TESS5_TESS32    	 	 0.2363544318 	 	 0.1025294582 	 	 0.0915624584
GP_sigma_TESS5     	 	 0.0000196441 	 	 0.0000159587 	 	 0.0000069550
GP_timescale_TESS5 	 	 0.0111211932 	 	 0.0148298905 	 	 0.0072385041
GP_rho_TESS5       	 	 20.8724001229 	 	 10.1503448734 	 	 7.4479615190
mflux_TESS5        	 	 -0.0003342243 	 	 0.0015371332 	 	 0.0015062007
sigma_w_TESS5      	 	 8.3407374325 	 	 6.3020059074 	 	 4.7826811390
GP_sigma_TESS32    	 	 0.0000191642 	 	 0.0000047675 	 	 0.0000041014
GP_timescale_TESS32 	 	 0.0022834197 	 	 0.0006389223 	 	 0.0005159960
GP_rho_TESS32      	 	 74.2239368531 	 	 11.8391478522 	 	 11.3715957750
mflux_TESS32       	 	 0.0007539481 	 	 0.0022088392 	 	 0.0019832107
sigma_w_TESS32     	 	 20.5214898633 	 	 18.9196613594 	 	 12.5939691794
q1_HS-r            	 	 0.2208058438 	 	 0.1823667458 	 	 0.1390979312
q2_HS-r            	 	 0.2465454154 	 	 0.2253996696 	 	 0.1634644322
mflux_HS-r         	 	 -0.0003079113 	 	 0.0000552407 	 	 0.0000549060
sigma_w_HS-r       	 	 5346.5530531000 	 	 47.0971776189 	 	 44.0780299079
q1_GROND-g-1_GROND-g-2 	 	 0.7403735690 	 	 0.1025891752 	 	 0.1032619156
q2_GROND-g-1_GROND-g-2 	 	 0.3515056330 	 	 0.0809494812 	 	 0.0641788847
mflux_GROND-g-1    	 	 0.0026371636 	 	 0.0139472770 	 	 0.0090915911
mflux_GROND-g-2    	 	 -0.0192698795 	 	 0.0143864300 	 	 0.0156624040
sigma_w_GROND-g-1  	 	 1095.6273116214 	 	 61.2154326623 	 	 59.3059379032
sigma_w_GROND-g-2  	 	 348.1923665490 	 	 35.4975857076 	 	 33.9950520704
GP_sigma_GROND-g-1 	 	 0.0001793844 	 	 0.0006587042 	 	 0.0001407372
GP_timescale_GROND-g-1 	 	 0.0112308160 	 	 0.0329745989 	 	 0.0081593509
GP_rho_GROND-g-1   	 	 10.3825172391 	 	 22.9868847247 	 	 7.1255272833
GP_sigma_GROND-g-2 	 	 0.0003846994 	 	 0.0006792049 	 	 0.0002850291
GP_timescale_GROND-g-2 	 	 0.0047539651 	 	 0.0148876839 	 	 0.0029870144
GP_rho_GROND-g-2   	 	 7.6450280002 	 	 14.6943294129 	 	 4.9140644249
q1_GROND-r-1_GROND-r-2 	 	 0.5999858167 	 	 0.0925395941 	 	 0.0868178064
q2_GROND-r-1_GROND-r-2 	 	 0.1786924113 	 	 0.0510036122 	 	 0.0470591774
mflux_GROND-r-1    	 	 0.0005234380 	 	 0.0124889659 	 	 0.0091007145
mflux_GROND-r-2    	 	 -0.0055616713 	 	 0.0051859969 	 	 0.0082215810
sigma_w_GROND-r-1  	 	 2068.6890786188 	 	 131.4361466057 	 	 123.6611021303
sigma_w_GROND-r-2  	 	 335.5902545752 	 	 24.1880629877 	 	 22.1506748098
GP_sigma_GROND-r-1 	 	 0.0001238828 	 	 0.0005188756 	 	 0.0000949566
GP_timescale_GROND-r-1 	 	 0.0073415102 	 	 0.0305175481 	 	 0.0052536592
GP_rho_GROND-r-1   	 	 6.0709919323 	 	 17.2836932897 	 	 4.5645011918
GP_sigma_GROND-r-2 	 	 0.0000397536 	 	 0.0000870573 	 	 0.0000229761
GP_timescale_GROND-r-2 	 	 0.0069871160 	 	 0.0128616898 	 	 0.0045105498
GP_rho_GROND-r-2   	 	 16.9054879161 	 	 26.7198040393 	 	 10.7520829653
q1_GROND-i-1_GROND-i-2 	 	 0.4971615384 	 	 0.0965520231 	 	 0.0948406116
q2_GROND-i-1_GROND-i-2 	 	 0.2150913074 	 	 0.0771491874 	 	 0.0672874572
mflux_GROND-i-1    	 	 0.0020181744 	 	 0.0058563867 	 	 0.0050833961
mflux_GROND-i-2    	 	 -0.0054129351 	 	 0.0045935682 	 	 0.0064669453
sigma_w_GROND-i-1  	 	 1030.2573617301 	 	 48.9971218127 	 	 47.1961711992
sigma_w_GROND-i-2  	 	 487.7358267338 	 	 31.6631068929 	 	 30.9471687111
GP_sigma_GROND-i-1 	 	 0.0000471588 	 	 0.0000880624 	 	 0.0000282194
GP_timescale_GROND-i-1 	 	 0.0077527586 	 	 0.0194074714 	 	 0.0053905106
GP_rho_GROND-i-1   	 	 11.1647977890 	 	 25.2472604671 	 	 7.7017868040
GP_sigma_GROND-i-2 	 	 0.0000302160 	 	 0.0000530184 	 	 0.0000155005
GP_timescale_GROND-i-2 	 	 0.0036674317 	 	 0.0061108441 	 	 0.0020088045
GP_rho_GROND-i-2   	 	 18.5012749051 	 	 31.9716250517 	 	 12.1761426376
q1_GROND-z-1_GROND-z-2 	 	 0.3317722748 	 	 0.0881612000 	 	 0.0847075989
q2_GROND-z-1_GROND-z-2 	 	 0.3751172376 	 	 0.1462810360 	 	 0.1141514506
mflux_GROND-z-1    	 	 0.0001425444 	 	 0.0056685695 	 	 0.0048471004
mflux_GROND-z-2    	 	 -0.0029619302 	 	 0.0062526894 	 	 0.0079769814
sigma_w_GROND-z-1  	 	 1079.6937613213 	 	 51.3249372611 	 	 49.2148731052
sigma_w_GROND-z-2  	 	 494.8425583713 	 	 33.9411301316 	 	 34.0269269162
GP_sigma_GROND-z-1 	 	 0.0000466901 	 	 0.0000860165 	 	 0.0000276030
GP_timescale_GROND-z-1 	 	 0.0041434108 	 	 0.0075334457 	 	 0.0024048574
GP_rho_GROND-z-1   	 	 12.9680686443 	 	 26.4122544084 	 	 8.7095256094
GP_sigma_GROND-z-2 	 	 0.0000754537 	 	 0.0002001032 	 	 0.0000520116
GP_timescale_GROND-z-2 	 	 0.0176382010 	 	 0.0448426050 	 	 0.0130400761
GP_rho_GROND-z-2   	 	 13.5072344312 	 	 29.3071325857 	 	 9.9497675301
mu_Subaru          	 	 0.8983195805 	 	 1.7298338103 	 	 1.6877420265
mu_PFS             	 	 0.0904245861 	 	 0.9013988427 	 	 0.8954399173
sigma_w_Subaru     	 	 0.7160076038 	 	 1.3051997940 	 	 0.4779434104
sigma_w_PFS        	 	 2.3451581698 	 	 1.1032082744 	 	 0.8803958006
